name: BioMed_Project
channels:
  - conda-forge
  - defaults
dependencies:
  - asttokens=2.4.1=pyhd8ed1ab_0
  - bzip2=1.0.8=h2bbff1b_6
  - ca-certificates=2024.8.30=h56e8100_0
  - colorama=0.4.6=pyhd8ed1ab_0
  - comm=0.2.2=pyhd8ed1ab_0
  - console_shortcut=0.1.1=haa95532_6
  - debugpy=1.6.7=py310hd77b12b_0
  - decorator=5.1.1=pyhd8ed1ab_0
  - exceptiongroup=1.2.2=pyhd8ed1ab_0
  - executing=2.1.0=pyhd8ed1ab_0
  - ffmpeg=4.3.1=ha925a31_0
  - importlib-metadata=8.5.0=pyha770c72_0
  - importlib_metadata=8.5.0=hd8ed1ab_0
  - ipykernel=6.29.5=pyh4bbf305_0
  - ipython=8.27.0=pyh7428d3b_0
  - jedi=0.19.1=pyhd8ed1ab_0
  - jupyter_client=8.6.2=pyhd8ed1ab_0
  - jupyter_core=5.7.2=py310h5588dad_0
  - libffi=3.4.4=hd77b12b_1
  - libsodium=1.0.18=h8d14728_1
  - matplotlib-inline=0.1.7=pyhd8ed1ab_0
  - nest-asyncio=1.6.0=pyhd8ed1ab_0
  - openssl=3.0.15=h827c3e9_0
  - packaging=24.1=pyhd8ed1ab_0
  - parso=0.8.4=pyhd8ed1ab_0
  - pickleshare=0.7.5=py_1003
  - pip=24.2=py310haa95532_0
  - platformdirs=4.3.3=pyhd8ed1ab_0
  - prompt-toolkit=3.0.47=pyha770c72_0
  - psutil=5.9.0=py310h2bbff1b_0
  - pure_eval=0.2.3=pyhd8ed1ab_0
  - pygments=2.18.0=pyhd8ed1ab_0
  - python=3.10.14=he1021f5_1
  - python-dateutil=2.9.0=pyhd8ed1ab_0
  - python_abi=3.10=2_cp310
  - pywin32=305=py310h2bbff1b_0
  - pyzmq=24.0.1=py310hcd737a0_1
  - setuptools=72.1.0=py310haa95532_0
  - six=1.16.0=pyh6c4a22f_0
  - sqlite=3.45.3=h2bbff1b_0
  - stack_data=0.6.2=pyhd8ed1ab_0
  - tk=8.6.14=h0416ee5_0
  - tornado=6.2=py310h8d17308_1
  - traitlets=5.14.3=pyhd8ed1ab_0
  - typing_extensions=4.12.2=pyha770c72_0
  - ucrt=10.0.22621.0=h57928b3_0
  - vc=14.40=h2eaa2aa_1
  - vs2015_runtime=14.40.33807=h98bb1dd_1
  - wcwidth=0.2.13=pyhd8ed1ab_0
  - wheel=0.44.0=py310haa95532_0
  - xz=5.4.6=h8cc25b3_1
  - zeromq=4.3.4=h0e60522_1
  - zipp=3.20.2=pyhd8ed1ab_0
  - zlib=1.2.13=h8cc25b3_1
  - pip:
      - audioread==3.0.1
      - certifi==2024.8.30
      - cffi==1.17.1
      - charset-normalizer==3.3.2
      - contourpy==1.3.0
      - cycler==0.12.1
      - fastdtw==0.3.4
      - filelock==3.16.1
      - fonttools==4.53.1
      - fsspec==2024.10.0
      - hmmlearn==0.3.3
      - idna==3.10
      - jinja2==3.1.4
      - joblib==1.4.2
      - kiwisolver==1.4.7
      - lazy-loader==0.4
      - librosa==0.10.2.post1
      - llvmlite==0.43.0
      - markupsafe==3.0.2
      - matplotlib==3.9.2
      - mpmath==1.3.0
      - msgpack==1.1.0
      - networkx==3.4.2
      - noisereduce==3.0.2
      - numba==0.60.0
      - numpy==2.0.2
      - pandas==2.2.3
      - pillow==10.4.0
      - pocketsphinx==5.0.3
      - pooch==1.8.2
      - pycparser==2.22
      - pydub==0.25.1
      - pyparsing==3.1.4
      - pytz==2024.2
      - requests==2.32.3
      - scikit-learn==1.5.2
      - scipy==1.14.1
      - sounddevice==0.5.1
      - soundfile==0.12.1
      - soxr==0.5.0.post1
      - speechrecognition==3.11.0
      - sympy==1.13.1
      - threadpoolctl==3.5.0
      - torch==2.5.1
      - torchaudio==2.5.1
      - tqdm==4.66.5
      - tzdata==2024.2
      - urllib3==2.2.3
prefix: C:\Users\odink\anaconda3\envs\BioMed_Project
