{
 "cells": [
  {
   "cell_type": "code",
   "execution_count": 9,
   "metadata": {},
   "outputs": [],
   "source": [
    "import re\n",
    "import pickle\n",
    "import numpy as np\n",
    "import matplotlib.pyplot as plt\n",
    "import seaborn as sns\n",
    "\n",
    "from sklearn.preprocessing import StandardScaler\n",
    "from scipy.stats import mannwhitneyu, kruskal, spearmanr"
   ]
  },
  {
   "cell_type": "code",
   "execution_count": 6,
   "metadata": {},
   "outputs": [],
   "source": [
    "def extract_subject_data(file_path):\n",
    "    subject_data = {}\n",
    "    with open(file_path, 'r') as f:\n",
    "        lines = f.readlines()\n",
    "    \n",
    "    # Regular expression to capture subject identifiers like 1069, 19, 201, etc.\n",
    "    subject_pattern = re.compile(r\"^(\\d+):\")\n",
    "    \n",
    "    current_subject = None\n",
    "    for line in lines:\n",
    "        match = subject_pattern.match(line.strip())\n",
    "        \n",
    "        if match:\n",
    "            current_subject = match.group(1)  # subject ID\n",
    "            subject_data[current_subject] = {}\n",
    "        elif current_subject:\n",
    "            # Extracting the values for accuracy, precision, recall, F1-score, and ROC AUC\n",
    "            if \"accuracy\" in line:\n",
    "                subject_data[current_subject]['accuracy'] = float(line.split(\":\")[1].strip())\n",
    "            elif \"precision\" in line:\n",
    "                subject_data[current_subject]['precision'] = float(line.split(\":\")[1].strip())\n",
    "            elif \"recall\" in line:\n",
    "                subject_data[current_subject]['recall'] = float(line.split(\":\")[1].strip())\n",
    "            elif \"F1-score\" in line:\n",
    "                subject_data[current_subject]['F1-score'] = float(line.split(\":\")[1].strip())\n",
    "            elif \"ROC AUC\" in line:\n",
    "                subject_data[current_subject]['ROC AUC'] = float(line.split(\":\")[1].strip())\n",
    "            elif \"MSE\" in line:\n",
    "                subject_data[current_subject]['MSE'] = float(line.split(\":\")[1].strip())\n",
    "            elif \"MCC\" in line:\n",
    "                subject_data[current_subject]['MCC'] = float(line.split(\":\")[1].strip())\n",
    "            elif \"EER\" in line:\n",
    "                subject_data[current_subject]['EER'] = float(line.split(\":\")[1].strip())\n",
    "    \n",
    "    return subject_data"
   ]
  },
  {
   "cell_type": "code",
   "execution_count": 19,
   "metadata": {},
   "outputs": [],
   "source": [
    "# Function to perform the tests\n",
    "def compare_metrics(file_path_1, file_path_2):\n",
    "    # Extract data from both files\n",
    "    data_1 = extract_subject_data(file_path_1)\n",
    "    data_2 = extract_subject_data(file_path_2)\n",
    "    \n",
    "    # Prepare a dictionary to store comparison results for each metric\n",
    "    comparison_results = {}\n",
    "    \n",
    "    # Compare metrics\n",
    "    for metric in ['accuracy', 'precision', 'recall', 'F1-score', 'ROC AUC', \"EER\", \"MSE\", \"MCC\"]:\n",
    "        # Extract values for the current metric from both data sets\n",
    "        metric_data_1 = [subject_data[metric] for subject_data in data_1.values()]\n",
    "        metric_data_2 = [subject_data[metric] for subject_data in data_2.values()]\n",
    "        \n",
    "        # Mann-Whitney U Test\n",
    "        u_statistic, p_value_mannwhitney = mannwhitneyu(metric_data_1, metric_data_2)\n",
    "        \n",
    "        # Kruskal-Wallis Test\n",
    "        h_statistic, p_value_kruskal = kruskal(metric_data_1, metric_data_2)\n",
    "        \n",
    "        # Store the results in the comparison_results dictionary\n",
    "        comparison_results[metric] = {\n",
    "            'Mann-Whitney U Test': {\n",
    "                'U-statistic': f\"{u_statistic:.3f}\",\n",
    "                'p-value': f\"{p_value_mannwhitney:.3f}\"\n",
    "            },\n",
    "            'Kruskal-Wallis Test': {\n",
    "                'H-statistic': f\"{h_statistic:.3f}\",\n",
    "                'p-value': f\"{p_value_kruskal:.3f}\"\n",
    "            }\n",
    "        }\n",
    "    \n",
    "    return comparison_results"
   ]
  },
  {
   "cell_type": "code",
   "execution_count": 40,
   "metadata": {},
   "outputs": [
    {
     "name": "stdout",
     "output_type": "stream",
     "text": [
      "Metric: accuracy\n",
      "  Mann-Whitney U Test:\n",
      "    U-statistic = 0.000\n",
      "    p-value = 0.000\n",
      "  Kruskal-Wallis Test:\n",
      "    H-statistic = 67.817\n",
      "    p-value = 0.000\n",
      "Metric: precision\n",
      "  Mann-Whitney U Test:\n",
      "    U-statistic = 8.000\n",
      "    p-value = 0.000\n",
      "  Kruskal-Wallis Test:\n",
      "    H-statistic = 67.457\n",
      "    p-value = 0.000\n",
      "Metric: recall\n",
      "  Mann-Whitney U Test:\n",
      "    U-statistic = 1.000\n",
      "    p-value = 0.000\n",
      "  Kruskal-Wallis Test:\n",
      "    H-statistic = 67.765\n",
      "    p-value = 0.000\n",
      "Metric: F1-score\n",
      "  Mann-Whitney U Test:\n",
      "    U-statistic = 6125.000\n",
      "    p-value = 0.000\n",
      "  Kruskal-Wallis Test:\n",
      "    H-statistic = 67.806\n",
      "    p-value = 0.000\n",
      "Metric: ROC AUC\n",
      "  Mann-Whitney U Test:\n",
      "    U-statistic = 66.500\n",
      "    p-value = 0.000\n",
      "  Kruskal-Wallis Test:\n",
      "    H-statistic = 64.934\n",
      "    p-value = 0.000\n",
      "Metric: EER\n",
      "  Mann-Whitney U Test:\n",
      "    U-statistic = 4388.000\n",
      "    p-value = 0.000\n",
      "  Kruskal-Wallis Test:\n",
      "    H-statistic = 12.702\n",
      "    p-value = 0.000\n",
      "Metric: MSE\n",
      "  Mann-Whitney U Test:\n",
      "    U-statistic = 6125.000\n",
      "    p-value = 0.000\n",
      "  Kruskal-Wallis Test:\n",
      "    H-statistic = 67.817\n",
      "    p-value = 0.000\n",
      "Metric: MCC\n",
      "  Mann-Whitney U Test:\n",
      "    U-statistic = 1733.500\n",
      "    p-value = 0.000\n",
      "  Kruskal-Wallis Test:\n",
      "    H-statistic = 12.769\n",
      "    p-value = 0.000\n"
     ]
    }
   ],
   "source": [
    "# data_1 = \"./metrics/SVM/scaled_rbf_mfcc_20_no_pitch_rand.txt\"\n",
    "# data_2 = \"./metrics/SVM/scaled_rbf_mfcc_20_pitch_rand.txt\"\n",
    "\n",
    "# data_1 = \"./metrics/SVM/rbf_pca_mfcc_20_no_pitch_rand.txt\"\n",
    "# data_2 = \"./metrics/SVM/rbf_pca_mfcc_20_pitch_rand.txt\"\n",
    "\n",
    "# data_1 = \"./metrics/SVM/scaled_rbf_mfcc_20_no_pitch_rand.txt\"\n",
    "# data_2 = \"./metrics/SVM/rbf_pca_mfcc_20_no_pitch_rand.txt\"\n",
    "\n",
    "# data_1 = \"./metrics/HMM/diag_5_mfcc_20_no_pitch_rand.txt\"\n",
    "# data_2 = \"./metrics/HMM/diag_5_mfcc_20_pitch_rand.txt\"\n",
    "\n",
    "# data_2 = \"./metrics/HMM/diag_5_mfcc_20_pitch_rand.txt\"\n",
    "\n",
    "# data_1 = \"./metrics/SVM/k-fold_pca_mfcc_13_no_pitch_1000_rand.txt\"\n",
    "# data_2 = \"./metrics/SVM/k-fold_pca_mfcc_20_no_pitch_1000_rand.txt\"\n",
    "\n",
    "# data_1 = \"./metrics/CNN/k-fold_pca_mfcc_13_no_pitch_1000_rand_model_8.txt\"\n",
    "# data_2 = \"./metrics/CNN/k-fold_pca_mfcc_20_no_pitch_1000_rand_model_8.txt\"\n",
    "\n",
    "# data_1 = \"./metrics/SVM/hyperparam_tuning/rbf_C3_k-fold_pca_mfcc_20_no_pitch_1000_rand_all_speakers.txt\"\n",
    "# data_2 = \"./metrics/SVM/hyperparam_tuning/to_beat_k-fold_pca_mfcc_20_no_pitch_1000_rand_all_speakers.txt\"\n",
    "\n",
    "data_1 = \"./metrics/SVM/hyperparam_tuning/rbf_C3_k-fold_pca_mfcc_20_no_pitch_1000_rand_all_speakers.txt\"\n",
    "data_2 = \"./metrics/CNN/k-fold_pca_mfcc_20_no_pitch_1000_rand_all_speakers_model_8.txt\"\n",
    "\n",
    "results = compare_metrics(data_1, data_2)\n",
    "\n",
    "for metric, result in results.items():\n",
    "    print(f\"Metric: {metric}\")\n",
    "    for test, values in result.items():\n",
    "        print(f\"  {test}:\")\n",
    "        # Access 'U-statistic' for Mann-Whitney U Test, and 'H-statistic' for Kruskal-Wallis Test\n",
    "        statistic_key = 'U-statistic' if 'Mann-Whitney' in test else 'H-statistic'\n",
    "        print(f\"    {statistic_key} = {values[statistic_key]}\")\n",
    "        print(f\"    p-value = {values['p-value']}\")"
   ]
  },
  {
   "cell_type": "markdown",
   "metadata": {},
   "source": [
    "### Feature Testing"
   ]
  },
  {
   "cell_type": "code",
   "execution_count": 8,
   "metadata": {},
   "outputs": [],
   "source": [
    "def scale_features(data_dict):\n",
    "    \"\"\"\n",
    "    Scales the data in a dictionary using StandardScaler.\n",
    "    \n",
    "    Parameters:\n",
    "        data_dict (dict): Dictionary where each key is a subject, and the value is a 2D array \n",
    "                          (samples x features).\n",
    "                          \n",
    "    Returns:\n",
    "        dict: A new dictionary with scaled data, maintaining the same structure as the input.\n",
    "    \"\"\"\n",
    "    # Combine all data into a single array\n",
    "    all_samples = np.vstack(list(data_dict.values()))  # Shape: (total_samples, num_features)\n",
    "\n",
    "    # Scale the data\n",
    "    scaler = StandardScaler()\n",
    "    scaled_data = scaler.fit_transform(all_samples)  # Shape: (total_samples, num_features)\n",
    "\n",
    "    # Split scaled data back into original structure\n",
    "    split_indices = np.cumsum([len(samples) for samples in data_dict.values()])[:-1]\n",
    "    scaled_subjects = np.split(scaled_data, split_indices)\n",
    "\n",
    "    # Reconstruct the dictionary with scaled data\n",
    "    scaled_data_dict = {key: scaled_subjects[i] for i, key in enumerate(data_dict.keys())}\n",
    "\n",
    "    return scaled_data_dict"
   ]
  },
  {
   "cell_type": "code",
   "execution_count": 13,
   "metadata": {},
   "outputs": [
    {
     "name": "stdout",
     "output_type": "stream",
     "text": [
      "reader: 1069 | # samples 1000\n",
      "reader: 19 | # samples 1000\n",
      "reader: 201 | # samples 1000\n",
      "reader: 250 | # samples 1000\n",
      "reader: 254 | # samples 999\n",
      "reader: 26 | # samples 1000\n",
      "reader: 27 | # samples 1000\n",
      "reader: 289 | # samples 1000\n",
      "reader: 298 | # samples 1000\n",
      "reader: 311 | # samples 1000\n",
      "reader: 32 | # samples 1000\n",
      "reader: 3240 | # samples 1000\n",
      "reader: 39 | # samples 1000\n",
      "reader: 40 | # samples 1000\n",
      "reader: 4297 | # samples 1000\n",
      "reader: 60 | # samples 1000\n",
      "reader: 78 | # samples 1000\n",
      "reader: 7800 | # samples 1000\n",
      "reader: 83 | # samples 1000\n",
      "reader: 87 | # samples 1000\n"
     ]
    }
   ],
   "source": [
    "features = \"pca_mfcc_13_no_pitch_1000_all_speakers\"\n",
    "\n",
    "with open(f\"../../data/extracted_features_v2/{features}.pickle\", \"rb\") as file:\n",
    "   mfcc_stats_dict = pickle.load(file)\n",
    "\n",
    "if \"pca\" not in features:\n",
    "   print(\"scaling performed\")\n",
    "   mfcc_stats_dict = scale_features(mfcc_stats_dict)\n",
    "\n",
    "for reader in mfcc_stats_dict.keys():\n",
    "    print(f\"reader: {reader} | # samples {len(mfcc_stats_dict[reader])}\")"
   ]
  },
  {
   "cell_type": "code",
   "execution_count": 10,
   "metadata": {},
   "outputs": [],
   "source": [
    "def spearman_correlation_test(speaker_data):\n",
    "    \"\"\"\n",
    "    Runs a Spearman rank correlation test on the features of each speaker\n",
    "    and across all speakers.\n",
    "\n",
    "    Args:\n",
    "    - speaker_data (dict): A dictionary where keys are speaker identifiers\n",
    "                            and values are 2D numpy arrays (instances x features).\n",
    "    \n",
    "    Returns:\n",
    "    - speaker_corrs (dict): A dictionary with Spearman correlation results \n",
    "                             for each speaker.\n",
    "    - all_speakers_corr (float): Spearman correlation coefficient for all speakers combined.\n",
    "    \"\"\"\n",
    "    # Dictionary to store individual speaker correlations\n",
    "    speaker_corrs = {}\n",
    "\n",
    "    # Calculate Spearman correlation for each speaker\n",
    "    for speaker, data in speaker_data.items():\n",
    "        # Perform the Spearman correlation on the features for each speaker\n",
    "        corr, _ = spearmanr(data, axis=0)  # Correlation matrix for features\n",
    "        speaker_corrs[speaker] = corr\n",
    "\n",
    "    # To calculate correlation across all speakers, concatenate all their feature matrices\n",
    "    # Assuming that the speakers' data matrices have the same number of features\n",
    "    all_speakers_data = np.vstack(list(speaker_data.values()))\n",
    "    \n",
    "    # Compute the correlation for the combined data\n",
    "    all_speakers_corr, _ = spearmanr(all_speakers_data, axis=0)\n",
    "    \n",
    "    return speaker_corrs, all_speakers_corr\n",
    "\n",
    "def plot_correlation_matrix(corr_matrix, title=\"Correlation Matrix\"):\n",
    "    \"\"\"\n",
    "    Plots a heatmap of the given correlation matrix.\n",
    "\n",
    "    Args:\n",
    "    - corr_matrix (2D array): The correlation matrix to plot.\n",
    "    - title (str): The title of the heatmap plot. Default is \"Correlation Matrix\".\n",
    "    \"\"\"\n",
    "    plt.figure(figsize=(10, 8))\n",
    "    sns.heatmap(corr_matrix, annot=False, cmap='coolwarm', fmt='.2f', vmin=-1, vmax=1)\n",
    "    plt.title(title)\n",
    "    plt.show()\n"
   ]
  },
  {
   "cell_type": "code",
   "execution_count": 14,
   "metadata": {},
   "outputs": [
    {
     "name": "stdout",
     "output_type": "stream",
     "text": [
      "Spearman Correlation Matrix for 1069:\n",
      "[[ 1.          0.11253078 -0.31447379 ...  0.05330552 -0.07238275\n",
      "  -0.13190714]\n",
      " [ 0.11253078  1.         -0.2740278  ... -0.06874016 -0.00785649\n",
      "  -0.1219267 ]\n",
      " [-0.31447379 -0.2740278   1.         ... -0.08785305  0.00220791\n",
      "   0.18914621]\n",
      " ...\n",
      " [ 0.05330552 -0.06874016 -0.08785305 ...  1.         -0.01832115\n",
      "  -0.0389707 ]\n",
      " [-0.07238275 -0.00785649  0.00220791 ... -0.01832115  1.\n",
      "  -0.06500672]\n",
      " [-0.13190714 -0.1219267   0.18914621 ... -0.0389707  -0.06500672\n",
      "   1.        ]]\n",
      "Spearman Correlation Matrix for 19:\n",
      "[[ 1.00000000e+00  4.48529417e-01 -2.67899392e-01 ...  4.69455349e-02\n",
      "  -2.94427722e-01 -5.70480570e-05]\n",
      " [ 4.48529417e-01  1.00000000e+00 -2.25328905e-01 ... -4.39542800e-02\n",
      "  -9.37365337e-02 -7.30404370e-02]\n",
      " [-2.67899392e-01 -2.25328905e-01  1.00000000e+00 ...  6.97567898e-03\n",
      "   8.23182103e-02  1.78259110e-01]\n",
      " ...\n",
      " [ 4.69455349e-02 -4.39542800e-02  6.97567898e-03 ...  1.00000000e+00\n",
      "  -8.37604438e-02 -1.69862570e-03]\n",
      " [-2.94427722e-01 -9.37365337e-02  8.23182103e-02 ... -8.37604438e-02\n",
      "   1.00000000e+00  1.19194799e-02]\n",
      " [-5.70480570e-05 -7.30404370e-02  1.78259110e-01 ... -1.69862570e-03\n",
      "   1.19194799e-02  1.00000000e+00]]\n",
      "Spearman Correlation Matrix for 201:\n",
      "[[ 1.         -0.02904449  0.0964195  ...  0.15573077 -0.09436273\n",
      "   0.07956142]\n",
      " [-0.02904449  1.          0.07884791 ...  0.01464355 -0.04086353\n",
      "   0.05593161]\n",
      " [ 0.0964195   0.07884791  1.         ... -0.09467611 -0.02067058\n",
      "   0.07019973]\n",
      " ...\n",
      " [ 0.15573077  0.01464355 -0.09467611 ...  1.         -0.03753277\n",
      "  -0.02548099]\n",
      " [-0.09436273 -0.04086353 -0.02067058 ... -0.03753277  1.\n",
      "  -0.0404989 ]\n",
      " [ 0.07956142  0.05593161  0.07019973 ... -0.02548099 -0.0404989\n",
      "   1.        ]]\n",
      "Spearman Correlation Matrix for 250:\n",
      "[[ 1.          0.14399416 -0.10457496 ...  0.09245844  0.11487181\n",
      "  -0.10199207]\n",
      " [ 0.14399416  1.         -0.25684258 ...  0.00691413  0.12128908\n",
      "  -0.07532344]\n",
      " [-0.10457496 -0.25684258  1.         ... -0.15217112 -0.1784526\n",
      "   0.21843156]\n",
      " ...\n",
      " [ 0.09245844  0.00691413 -0.15217112 ...  1.         -0.00721009\n",
      "  -0.17426413]\n",
      " [ 0.11487181  0.12128908 -0.1784526  ... -0.00721009  1.\n",
      "  -0.17984381]\n",
      " [-0.10199207 -0.07532344  0.21843156 ... -0.17426413 -0.17984381\n",
      "   1.        ]]\n",
      "Spearman Correlation Matrix for 254:\n",
      "[[ 1.         -0.00980914  0.41767525 ...  0.15889539  0.04154836\n",
      "   0.15593961]\n",
      " [-0.00980914  1.         -0.40238402 ... -0.01182695 -0.17692021\n",
      "   0.21794889]\n",
      " [ 0.41767525 -0.40238402  1.         ...  0.02677571  0.05352252\n",
      "  -0.05018408]\n",
      " ...\n",
      " [ 0.15889539 -0.01182695  0.02677571 ...  1.          0.13067993\n",
      "   0.02515154]\n",
      " [ 0.04154836 -0.17692021  0.05352252 ...  0.13067993  1.\n",
      "   0.01134702]\n",
      " [ 0.15593961  0.21794889 -0.05018408 ...  0.02515154  0.01134702\n",
      "   1.        ]]\n",
      "Spearman Correlation Matrix for 26:\n",
      "[[ 1.          0.46902049  0.1599797  ...  0.02150667  0.12203734\n",
      "   0.20208804]\n",
      " [ 0.46902049  1.         -0.01881701 ...  0.01191835 -0.05651598\n",
      "   0.01754551]\n",
      " [ 0.1599797  -0.01881701  1.         ... -0.13517372  0.02596792\n",
      "   0.03236644]\n",
      " ...\n",
      " [ 0.02150667  0.01191835 -0.13517372 ...  1.          0.05300327\n",
      "  -0.04883123]\n",
      " [ 0.12203734 -0.05651598  0.02596792 ...  0.05300327  1.\n",
      "   0.1195626 ]\n",
      " [ 0.20208804  0.01754551  0.03236644 ... -0.04883123  0.1195626\n",
      "   1.        ]]\n",
      "Spearman Correlation Matrix for 27:\n",
      "[[ 1.          0.42284898 -0.12741244 ...  0.11909144 -0.04864213\n",
      "   0.01186142]\n",
      " [ 0.42284898  1.         -0.21007186 ...  0.07301007 -0.01067561\n",
      "  -0.04072604]\n",
      " [-0.12741244 -0.21007186  1.         ... -0.09638578  0.00578672\n",
      "  -0.01724057]\n",
      " ...\n",
      " [ 0.11909144  0.07301007 -0.09638578 ...  1.          0.02629054\n",
      "  -0.02118869]\n",
      " [-0.04864213 -0.01067561  0.00578672 ...  0.02629054  1.\n",
      "  -0.02556917]\n",
      " [ 0.01186142 -0.04072604 -0.01724057 ... -0.02118869 -0.02556917\n",
      "   1.        ]]\n",
      "Spearman Correlation Matrix for 289:\n",
      "[[ 1.          0.00120085  0.11981926 ...  0.06189396  0.10074693\n",
      "   0.00259701]\n",
      " [ 0.00120085  1.          0.05434361 ...  0.06135595 -0.05364829\n",
      "  -0.01525703]\n",
      " [ 0.11981926  0.05434361  1.         ... -0.1202355   0.03053372\n",
      "  -0.04714168]\n",
      " ...\n",
      " [ 0.06189396  0.06135595 -0.1202355  ...  1.         -0.00406958\n",
      "  -0.12144558]\n",
      " [ 0.10074693 -0.05364829  0.03053372 ... -0.00406958  1.\n",
      "  -0.10190447]\n",
      " [ 0.00259701 -0.01525703 -0.04714168 ... -0.12144558 -0.10190447\n",
      "   1.        ]]\n",
      "Spearman Correlation Matrix for 298:\n",
      "[[ 1.         -0.03757594 -0.03076912 ...  0.01005827 -0.04572183\n",
      "  -0.01885454]\n",
      " [-0.03757594  1.         -0.09326252 ...  0.12196914  0.00710696\n",
      "  -0.05124208]\n",
      " [-0.03076912 -0.09326252  1.         ...  0.03301321 -0.05413663\n",
      "  -0.02600268]\n",
      " ...\n",
      " [ 0.01005827  0.12196914  0.03301321 ...  1.          0.00735056\n",
      "   0.03825043]\n",
      " [-0.04572183  0.00710696 -0.05413663 ...  0.00735056  1.\n",
      "   0.00629995]\n",
      " [-0.01885454 -0.05124208 -0.02600268 ...  0.03825043  0.00629995\n",
      "   1.        ]]\n",
      "Spearman Correlation Matrix for 311:\n",
      "[[ 1.          0.38611701  0.11463376 ...  0.06488288 -0.10456365\n",
      "   0.09729924]\n",
      " [ 0.38611701  1.          0.17391897 ... -0.1054253  -0.06804774\n",
      "   0.05080825]\n",
      " [ 0.11463376  0.17391897  1.         ... -0.11213049 -0.02318028\n",
      "  -0.01211303]\n",
      " ...\n",
      " [ 0.06488288 -0.1054253  -0.11213049 ...  1.         -0.03959127\n",
      "   0.07061916]\n",
      " [-0.10456365 -0.06804774 -0.02318028 ... -0.03959127  1.\n",
      "   0.05015398]\n",
      " [ 0.09729924  0.05080825 -0.01211303 ...  0.07061916  0.05015398\n",
      "   1.        ]]\n",
      "Spearman Correlation Matrix for 32:\n",
      "[[ 1.          0.16812529 -0.276364   ... -0.05353785 -0.08154713\n",
      "   0.11028829]\n",
      " [ 0.16812529  1.          0.18127021 ...  0.0188806   0.15002116\n",
      "   0.1822069 ]\n",
      " [-0.276364    0.18127021  1.         ...  0.04542847  0.07598427\n",
      "   0.07192358]\n",
      " ...\n",
      " [-0.05353785  0.0188806   0.04542847 ...  1.          0.01554188\n",
      "  -0.08416513]\n",
      " [-0.08154713  0.15002116  0.07598427 ...  0.01554188  1.\n",
      "   0.0369207 ]\n",
      " [ 0.11028829  0.1822069   0.07192358 ... -0.08416513  0.0369207\n",
      "   1.        ]]\n",
      "Spearman Correlation Matrix for 3240:\n",
      "[[ 1.          0.41917788  0.21921629 ...  0.05974547  0.13101838\n",
      "   0.04404688]\n",
      " [ 0.41917788  1.         -0.04983273 ...  0.13010653  0.01877597\n",
      "   0.00575341]\n",
      " [ 0.21921629 -0.04983273  1.         ... -0.15906514 -0.02512973\n",
      "   0.05153708]\n",
      " ...\n",
      " [ 0.05974547  0.13010653 -0.15906514 ...  1.         -0.07419823\n",
      "   0.00758068]\n",
      " [ 0.13101838  0.01877597 -0.02512973 ... -0.07419823  1.\n",
      "  -0.0401934 ]\n",
      " [ 0.04404688  0.00575341  0.05153708 ...  0.00758068 -0.0401934\n",
      "   1.        ]]\n",
      "Spearman Correlation Matrix for 39:\n",
      "[[ 1.          0.04425109  0.07894312 ...  0.10883339 -0.09793287\n",
      "  -0.02265986]\n",
      " [ 0.04425109  1.         -0.06754417 ... -0.02181665 -0.09603404\n",
      "  -0.1040254 ]\n",
      " [ 0.07894312 -0.06754417  1.         ...  0.03424256 -0.09835588\n",
      "   0.08924111]\n",
      " ...\n",
      " [ 0.10883339 -0.02181665  0.03424256 ...  1.          0.03714598\n",
      "  -0.11967538]\n",
      " [-0.09793287 -0.09603404 -0.09835588 ...  0.03714598  1.\n",
      "  -0.03952612]\n",
      " [-0.02265986 -0.1040254   0.08924111 ... -0.11967538 -0.03952612\n",
      "   1.        ]]\n",
      "Spearman Correlation Matrix for 40:\n",
      "[[ 1.         -0.27032029  0.13792841 ... -0.15198874  0.21196899\n",
      "  -0.1115364 ]\n",
      " [-0.27032029  1.         -0.28988724 ...  0.03607408  0.04062812\n",
      "  -0.01015947]\n",
      " [ 0.13792841 -0.28988724  1.         ...  0.03100386 -0.14139506\n",
      "   0.00510298]\n",
      " ...\n",
      " [-0.15198874  0.03607408  0.03100386 ...  1.         -0.17907941\n",
      "   0.01831094]\n",
      " [ 0.21196899  0.04062812 -0.14139506 ... -0.17907941  1.\n",
      "  -0.02209339]\n",
      " [-0.1115364  -0.01015947  0.00510298 ...  0.01831094 -0.02209339\n",
      "   1.        ]]\n",
      "Spearman Correlation Matrix for 4297:\n",
      "[[ 1.          0.28118331 -0.03178755 ...  0.04282785  0.03446942\n",
      "  -0.05093413]\n",
      " [ 0.28118331  1.         -0.07181256 ... -0.00280783 -0.03224769\n",
      "  -0.04974669]\n",
      " [-0.03178755 -0.07181256  1.         ...  0.00617812 -0.10246743\n",
      "   0.03628534]\n",
      " ...\n",
      " [ 0.04282785 -0.00280783  0.00617812 ...  1.         -0.05327809\n",
      "  -0.03323312]\n",
      " [ 0.03446942 -0.03224769 -0.10246743 ... -0.05327809  1.\n",
      "  -0.02464859]\n",
      " [-0.05093413 -0.04974669  0.03628534 ... -0.03323312 -0.02464859\n",
      "   1.        ]]\n",
      "Spearman Correlation Matrix for 60:\n",
      "[[ 1.          0.61499597  0.13855179 ...  0.10951991 -0.06035815\n",
      "   0.0932879 ]\n",
      " [ 0.61499597  1.          0.06303875 ...  0.21695346 -0.0534631\n",
      "  -0.05561733]\n",
      " [ 0.13855179  0.06303875  1.         ...  0.07327019 -0.13494291\n",
      "  -0.02425124]\n",
      " ...\n",
      " [ 0.10951991  0.21695346  0.07327019 ...  1.         -0.04358631\n",
      "  -0.02461055]\n",
      " [-0.06035815 -0.0534631  -0.13494291 ... -0.04358631  1.\n",
      "   0.04014938]\n",
      " [ 0.0932879  -0.05561733 -0.02425124 ... -0.02461055  0.04014938\n",
      "   1.        ]]\n",
      "Spearman Correlation Matrix for 78:\n",
      "[[ 1.          0.76869695  0.24347445 ... -0.13349345  0.11810727\n",
      "  -0.04440622]\n",
      " [ 0.76869695  1.          0.17512526 ... -0.08149929  0.06003245\n",
      "  -0.09802853]\n",
      " [ 0.24347445  0.17512526  1.         ... -0.07948719  0.05122287\n",
      "  -0.15438932]\n",
      " ...\n",
      " [-0.13349345 -0.08149929 -0.07948719 ...  1.          0.01573348\n",
      "   0.01794757]\n",
      " [ 0.11810727  0.06003245  0.05122287 ...  0.01573348  1.\n",
      "   0.02069815]\n",
      " [-0.04440622 -0.09802853 -0.15438932 ...  0.01794757  0.02069815\n",
      "   1.        ]]\n",
      "Spearman Correlation Matrix for 7800:\n",
      "[[ 1.         -0.11604093 -0.04600076 ... -0.19416879  0.05401583\n",
      "   0.19328536]\n",
      " [-0.11604093  1.         -0.05764435 ...  0.03914052 -0.02120095\n",
      "   0.03169102]\n",
      " [-0.04600076 -0.05764435  1.         ... -0.08917815 -0.10330927\n",
      "   0.10217035]\n",
      " ...\n",
      " [-0.19416879  0.03914052 -0.08917815 ...  1.         -0.06802377\n",
      "  -0.19340071]\n",
      " [ 0.05401583 -0.02120095 -0.10330927 ... -0.06802377  1.\n",
      "   0.07712969]\n",
      " [ 0.19328536  0.03169102  0.10217035 ... -0.19340071  0.07712969\n",
      "   1.        ]]\n",
      "Spearman Correlation Matrix for 83:\n",
      "[[ 1.          0.16478247 -0.19103195 ...  0.20053159  0.0713924\n",
      "   0.02867924]\n",
      " [ 0.16478247  1.         -0.26309    ...  0.03852887  0.06229941\n",
      "   0.07349457]\n",
      " [-0.19103195 -0.26309     1.         ... -0.01229363 -0.06265752\n",
      "  -0.04008864]\n",
      " ...\n",
      " [ 0.20053159  0.03852887 -0.01229363 ...  1.         -0.04414567\n",
      "  -0.06342135]\n",
      " [ 0.0713924   0.06229941 -0.06265752 ... -0.04414567  1.\n",
      "  -0.0272507 ]\n",
      " [ 0.02867924  0.07349457 -0.04008864 ... -0.06342135 -0.0272507\n",
      "   1.        ]]\n",
      "Spearman Correlation Matrix for 87:\n",
      "[[ 1.         -0.53644612  0.35613967 ... -0.05646456  0.00707968\n",
      "   0.12138286]\n",
      " [-0.53644612  1.         -0.24103965 ...  0.05132222 -0.02397504\n",
      "  -0.07390193]\n",
      " [ 0.35613967 -0.24103965  1.         ... -0.065512    0.00751231\n",
      "   0.16567605]\n",
      " ...\n",
      " [-0.05646456  0.05132222 -0.065512   ...  1.          0.03392147\n",
      "  -0.03004894]\n",
      " [ 0.00707968 -0.02397504  0.00751231 ...  0.03392147  1.\n",
      "  -0.05237565]\n",
      " [ 0.12138286 -0.07390193  0.16567605 ... -0.03004894 -0.05237565\n",
      "   1.        ]]\n",
      "Spearman Correlation Matrix for All Speakers Combined:\n",
      "[[ 1.00000000e+00 -2.10781692e-01  1.66739690e-02 ...  2.37923636e-02\n",
      "   2.07795938e-03  1.45982594e-02]\n",
      " [-2.10781692e-01  1.00000000e+00  2.72353853e-02 ...  1.02149770e-02\n",
      "   2.31442676e-04 -2.97001283e-03]\n",
      " [ 1.66739690e-02  2.72353853e-02  1.00000000e+00 ...  7.20638183e-03\n",
      "   3.27644160e-03  8.23390635e-03]\n",
      " ...\n",
      " [ 2.37923636e-02  1.02149770e-02  7.20638183e-03 ...  1.00000000e+00\n",
      "   5.43741808e-03 -5.54968847e-02]\n",
      " [ 2.07795938e-03  2.31442676e-04  3.27644160e-03 ...  5.43741808e-03\n",
      "   1.00000000e+00 -2.35863225e-02]\n",
      " [ 1.45982594e-02 -2.97001283e-03  8.23390635e-03 ... -5.54968847e-02\n",
      "  -2.35863225e-02  1.00000000e+00]]\n"
     ]
    }
   ],
   "source": [
    "speaker_corrs, all_speakers_corr = spearman_correlation_test(mfcc_stats_dict)\n",
    "\n",
    "# Print results for each speaker\n",
    "for speaker, corr_matrix in speaker_corrs.items():\n",
    "    print(f\"Spearman Correlation Matrix for {speaker}:\")\n",
    "    print(corr_matrix)\n",
    "\n",
    "# Print the overall correlation for all speakers combined\n",
    "print(\"Spearman Correlation Matrix for All Speakers Combined:\")\n",
    "print(all_speakers_corr)"
   ]
  },
  {
   "cell_type": "code",
   "execution_count": 15,
   "metadata": {},
   "outputs": [
    {
     "data": {
